217,20
0,380
217,19
217,18
217,17
217,13
217,16
217,15
217,14
217,12
217,4
217,11
217,10
217,9
217,8
217,7
217,6
217,5
217,3
217,2
217,1
217,0
216,2
216,1
216,3
215,8
215,7
215,6
215,5
215,4
215,2
215,1
215,3
214,13
214,17
214,12
214,4
214,2
213,2
213,1
213,3
212,2
212,1
212,3
211,2
211,1
211,3
210,4
210,2
210,1
210,3
209,4
209,2
209,1
209,3
208,4
208,2
208,1
208,3
207,2
207,1
207,3
206,4
206,2
206,1
206,3
205,2
205,1
205,3
0,339
0,337
0,324
0,319
0,314
0,313
0,312
0,243
214,5
214,6
214,7
214,8
214,9
214,10
214,11
214,14
214,15
214,16
214,18
214,19
214,1
214,20
214,3
0,9
0,452
0,451
0,450
0,310
0,305
216,0
215,0
214,0
213,0
212,0
211,0
210,0
209,0
208,0
207,0
206,0
205,0
0,308
0,304
0,303
0,302
0,307
0,12
0,10
0,8
0,0
0,378
0,300
0,299
0,377
0,298
0,376
0,297
0,375
0,296
0,295
0,294
0,293
0,292
0,291
0,290
0,289
0,288
0,287
0,286
0,285
0,374
0,284
0,370
0,283
0,282
0,369
0,281
0,368
0,280
0,279
0,278
0,277
0,276
0,275
0,274
0,273
0,272
0,271
0,367
0,270
0,269
0,366
0,268
0,365
0,267
0,266
0,364
0,265
0,264
0,263
0,262
0,261
0,260
0,259
0,258
0,257
0,256
0,255
0,254
0,362
0,253
0,361
0,252
0,251
0,250
0,249
0,248
0,247
0,246
0,245
0,244
0,242
0,241
0,240
0,239
0,360
0,238
0,323
0,237
0,236
0,235
0,234
0,233
0,232
0,231
0,230
0,229
0,228
0,363
0,227
0,338
0,226
0,225
0,322
0,224
0,359
0,223
0,321
0,222
0,320
0,221
0,358
0,220
0,345
0,219
0,344
0,218
0,343
0,217
0,341
0,216
0,340
0,215
0,214
0,213
0,357
0,212
0,356
0,211
0,355
0,210
0,354
0,209
0,353
0,208
0,352
0,207
0,351
0,206
0,350
0,205
0,349
0,204
0,348
0,203
0,347
0,202
0,346
0,201
0,342
0,200
0,453
0,199
0,448
0,198
0,449
0,197
0,336
0,196
0,335
0,195
0,334
0,194
0,333
0,193
0,332
0,192
0,331
0,63
0,330
0,62
0,329
0,61
0,328
0,60
0,326
0,59
0,325
0,58
0,379
0,57
0,311
0,56
0,373
0,55
0,318
0,54
0,317
0,53
0,316
0,52
0,315
0,51
0,383
0,50
0,372
0,49
0,327
0,48
0,371
0,47
0,309
0,46
0,306
0,45
0,301
0,6
0,5
0,1
0,11
0,4
0,2
0,3
0,7
